
=== independent dephasing (rate 1) ===
 state                     t        C     c_A  c_A*c_B      DQ      ZQ   analytic
 Psi+                  0.000  1.00000  0.0000  0.00000  0.0000  1.0000    1.00000
 Psi+                  0.100  0.81873  0.0000  0.00000  0.0000  0.8187    0.81873
 Psi+                  0.250  0.60653  0.0000  0.00000  0.0000  0.6065    0.60653
 Psi+                  0.500  0.36788  0.0000  0.00000  0.0000  0.3679    0.36788
 Psi+                  0.693  0.25007  0.0000  0.00000  0.0000  0.2501    0.25007
 Psi+                  0.750  0.22313  0.0000  0.00000  0.0000  0.2231    0.22313
 Psi+                  1.000  0.13534  0.0000  0.00000  0.0000  0.1353    0.13534
 Psi+                  1.500  0.04979  0.0000  0.00000  0.0000  0.0498    0.04979
 Psi+                  2.000  0.01832  0.0000  0.00000  0.0000  0.0183    0.01832
 Psi+                  3.000  0.00248  0.0000  0.00000  0.0000  0.0025    0.00248
 Phi+                  0.000  1.00000  0.0000  0.00000  1.0000  0.0000    1.00000
 Phi+                  0.100  0.81873  0.0000  0.00000  0.8187  0.0000    0.81873
 Phi+                  0.250  0.60653  0.0000  0.00000  0.6065  0.0000    0.60653
 Phi+                  0.500  0.36788  0.0000  0.00000  0.3679  0.0000    0.36788
 Phi+                  0.693  0.25007  0.0000  0.00000  0.2501  0.0000    0.25007
 Phi+                  0.750  0.22313  0.0000  0.00000  0.2231  0.0000    0.22313
 Phi+                  1.000  0.13534  0.0000  0.00000  0.1353  0.0000    0.13534
 Phi+                  1.500  0.04979  0.0000  0.00000  0.0498  0.0000    0.04979
 Phi+                  2.000  0.01832  0.0000  0.00000  0.0183  0.0000    0.01832
 Phi+                  3.000  0.00248  0.0000  0.00000  0.0025  0.0000    0.00248
 Phi_tilt(0.2,0.8)     0.000  0.80000  0.0000  0.00000  0.8000  0.0000        nan
 Phi_tilt(0.2,0.8)     0.100  0.65498  0.0000  0.00000  0.6550  0.0000        nan
 Phi_tilt(0.2,0.8)     0.250  0.48522  0.0000  0.00000  0.4852  0.0000        nan
 Phi_tilt(0.2,0.8)     0.500  0.29430  0.0000  0.00000  0.2943  0.0000        nan
 Phi_tilt(0.2,0.8)     0.693  0.20006  0.0000  0.00000  0.2001  0.0000        nan
 Phi_tilt(0.2,0.8)     0.750  0.17850  0.0000  0.00000  0.1785  0.0000        nan
 Phi_tilt(0.2,0.8)     1.000  0.10827  0.0000  0.00000  0.1083  0.0000        nan
 Phi_tilt(0.2,0.8)     1.500  0.03983  0.0000  0.00000  0.0398  0.0000        nan
 Phi_tilt(0.2,0.8)     2.000  0.01465  0.0000  0.00000  0.0147  0.0000        nan
 Phi_tilt(0.2,0.8)     3.000  0.00198  0.0000  0.00000  0.0020  0.0000        nan
 product |eg>          0.000  0.00000  0.0000  0.00000  0.0000  0.0000        nan
 product |eg>          0.100  0.00000  0.0000  0.00000  0.0000  0.0000        nan
 product |eg>          0.250  0.00000  0.0000  0.00000  0.0000  0.0000        nan
 product |eg>          0.500  0.00000  0.0000  0.00000  0.0000  0.0000        nan
 product |eg>          0.693  0.00000  0.0000  0.00000  0.0000  0.0000        nan
 product |eg>          0.750  0.00000  0.0000  0.00000  0.0000  0.0000        nan
 product |eg>          1.000  0.00000  0.0000  0.00000  0.0000  0.0000        nan
 product |eg>          1.500  0.00000  0.0000  0.00000  0.0000  0.0000        nan
 product |eg>          2.000  0.00000  0.0000  0.00000  0.0000  0.0000        nan
 product |eg>          3.000  0.00000  0.0000  0.00000  0.0000  0.0000        nan

=== correlated dephasing (rate 1) ===
 state                     t        C     c_A  c_A*c_B      DQ      ZQ   analytic
 Psi+                  0.000  1.00000  0.0000  0.00000  0.0000  1.0000    1.00000
 Psi+                  0.100  1.00000  0.0000  0.00000  0.0000  1.0000    1.00000
 Psi+                  0.250  1.00000  0.0000  0.00000  0.0000  1.0000    1.00000
 Psi+                  0.500  1.00000  0.0000  0.00000  0.0000  1.0000    1.00000
 Psi+                  0.693  1.00000  0.0000  0.00000  0.0000  1.0000    1.00000
 Psi+                  0.750  1.00000  0.0000  0.00000  0.0000  1.0000    1.00000
 Psi+                  1.000  1.00000  0.0000  0.00000  0.0000  1.0000    1.00000
 Psi+                  1.500  1.00000  0.0000  0.00000  0.0000  1.0000    1.00000
 Psi+                  2.000  1.00000  0.0000  0.00000  0.0000  1.0000    1.00000
 Psi+                  3.000  1.00000  0.0000  0.00000  0.0000  1.0000    1.00000
 Phi+                  0.000  1.00000  0.0000  0.00000  1.0000  0.0000    1.00000
 Phi+                  0.100  0.67032  0.0000  0.00000  0.6703  0.0000    0.67032
 Phi+                  0.250  0.36788  0.0000  0.00000  0.3679  0.0000    0.36788
 Phi+                  0.500  0.13534  0.0000  0.00000  0.1353  0.0000    0.13534
 Phi+                  0.693  0.06254  0.0000  0.00000  0.0625  0.0000    0.06254
 Phi+                  0.750  0.04979  0.0000  0.00000  0.0498  0.0000    0.04979
 Phi+                  1.000  0.01832  0.0000  0.00000  0.0183  0.0000    0.01832
 Phi+                  1.500  0.00248  0.0000  0.00000  0.0025  0.0000    0.00248
 Phi+                  2.000  0.00034  0.0000  0.00000  0.0003  0.0000    0.00034
 Phi+                  3.000  0.00001  0.0000  0.00000  0.0000  0.0000    0.00001
 Phi_tilt(0.2,0.8)     0.000  0.80000  0.0000  0.00000  0.8000  0.0000        nan
 Phi_tilt(0.2,0.8)     0.100  0.53626  0.0000  0.00000  0.5363  0.0000        nan
 Phi_tilt(0.2,0.8)     0.250  0.29430  0.0000  0.00000  0.2943  0.0000        nan
 Phi_tilt(0.2,0.8)     0.500  0.10827  0.0000  0.00000  0.1083  0.0000        nan
 Phi_tilt(0.2,0.8)     0.693  0.05003  0.0000  0.00000  0.0500  0.0000        nan
 Phi_tilt(0.2,0.8)     0.750  0.03983  0.0000  0.00000  0.0398  0.0000        nan
 Phi_tilt(0.2,0.8)     1.000  0.01465  0.0000  0.00000  0.0147  0.0000        nan
 Phi_tilt(0.2,0.8)     1.500  0.00198  0.0000  0.00000  0.0020  0.0000        nan
 Phi_tilt(0.2,0.8)     2.000  0.00027  0.0000  0.00000  0.0003  0.0000        nan
 Phi_tilt(0.2,0.8)     3.000  0.00000  0.0000  0.00000  0.0000  0.0000        nan
 product |eg>          0.000  0.00000  0.0000  0.00000  0.0000  0.0000        nan
 product |eg>          0.100  0.00000  0.0000  0.00000  0.0000  0.0000        nan
 product |eg>          0.250  0.00000  0.0000  0.00000  0.0000  0.0000        nan
 product |eg>          0.500  0.00000  0.0000  0.00000  0.0000  0.0000        nan
 product |eg>          0.693  0.00000  0.0000  0.00000  0.0000  0.0000        nan
 product |eg>          0.750  0.00000  0.0000  0.00000  0.0000  0.0000        nan
 product |eg>          1.000  0.00000  0.0000  0.00000  0.0000  0.0000        nan
 product |eg>          1.500  0.00000  0.0000  0.00000  0.0000  0.0000        nan
 product |eg>          2.000  0.00000  0.0000  0.00000  0.0000  0.0000        nan
 product |eg>          3.000  0.00000  0.0000  0.00000  0.0000  0.0000        nan

=== independent damping (rate 1) ===
 state                     t        C     c_A  c_A*c_B      DQ      ZQ   analytic
 Psi+                  0.000  1.00000  0.0000  0.00000  0.0000  1.0000    1.00000
 Psi+                  0.100  0.90484  0.0000  0.00000  0.0000  0.9048    0.90484
 Psi+                  0.250  0.77880  0.0000  0.00000  0.0000  0.7788    0.77880
 Psi+                  0.500  0.60653  0.0000  0.00000  0.0000  0.6065    0.60653
 Psi+                  0.693  0.50007  0.0000  0.00000  0.0000  0.5001    0.50007
 Psi+                  0.750  0.47237  0.0000  0.00000  0.0000  0.4724    0.47237
 Psi+                  1.000  0.36788  0.0000  0.00000  0.0000  0.3679    0.36788
 Psi+                  1.500  0.22313  0.0000  0.00000  0.0000  0.2231    0.22313
 Psi+                  2.000  0.13534  0.0000  0.00000  0.0000  0.1353    0.13534
 Psi+                  3.000  0.04979  0.0000  0.00000  0.0000  0.0498    0.04979
 Phi+                  0.000  1.00000  0.0000  0.00000  1.0000  0.0000    1.00000
 Phi+                  0.100  0.81873  0.0000  0.00000  0.9048  0.0000    0.81873
 Phi+                  0.250  0.60653  0.0000  0.00000  0.7788  0.0000    0.60653
 Phi+                  0.500  0.36788  0.0000  0.00000  0.6065  0.0000    0.36788
 Phi+                  0.693  0.25007  0.0000  0.00000  0.5001  0.0000    0.25007
 Phi+                  0.750  0.22313  0.0000  0.00000  0.4724  0.0000    0.22313
 Phi+                  1.000  0.13534  0.0000  0.00000  0.3679  0.0000    0.13534
 Phi+                  1.500  0.04979  0.0000  0.00000  0.2231  0.0000    0.04979
 Phi+                  2.000  0.01832  0.0000  0.00000  0.1353  0.0000    0.01832
 Phi+                  3.000  0.00248  0.0000  0.00000  0.0498  0.0000    0.00248
 Phi_tilt(0.2,0.8)     0.000  0.80000  0.0000  0.00000  0.8000  0.0000    0.80000
 Phi_tilt(0.2,0.8)     0.100  0.58610  0.0000  0.00000  0.7239  0.0000    0.58610
 Phi_tilt(0.2,0.8)     0.250  0.34741  0.0000  0.00000  0.6230  0.0000    0.34741
 Phi_tilt(0.2,0.8)     0.500  0.10338  0.0000  0.00000  0.4852  0.0000    0.10338
 Phi_tilt(0.2,0.8)     0.693  0.00006  0.0000  0.00000  0.4001  0.0000    0.00006
 Phi_tilt(0.2,0.8)     0.750  0.00000  0.0000  0.00000  0.3779  0.0000    0.00000
 Phi_tilt(0.2,0.8)     1.000  0.00000  0.0000  0.00000  0.2943  0.0000    0.00000
 Phi_tilt(0.2,0.8)     1.500  0.00000  0.0000  0.00000  0.1785  0.0000    0.00000
 Phi_tilt(0.2,0.8)     2.000  0.00000  0.0000  0.00000  0.1083  0.0000    0.00000
 Phi_tilt(0.2,0.8)     3.000  0.00000  0.0000  0.00000  0.0398  0.0000    0.00000
 product |eg>          0.000  0.00000  0.0000  0.00000  0.0000  0.0000        nan
 product |eg>          0.100  0.00000  0.0000  0.00000  0.0000  0.0000        nan
 product |eg>          0.250  0.00000  0.0000  0.00000  0.0000  0.0000        nan
 product |eg>          0.500  0.00000  0.0000  0.00000  0.0000  0.0000        nan
 product |eg>          0.693  0.00000  0.0000  0.00000  0.0000  0.0000        nan
 product |eg>          0.750  0.00000  0.0000  0.00000  0.0000  0.0000        nan
 product |eg>          1.000  0.00000  0.0000  0.00000  0.0000  0.0000        nan
 product |eg>          1.500  0.00000  0.0000  0.00000  0.0000  0.0000        nan
 product |eg>          2.000  0.00000  0.0000  0.00000  0.0000  0.0000        nan
 product |eg>          3.000  0.00000  0.0000  0.00000  0.0000  0.0000        nan

=== finite record channels, |Psi+> under independent damping (Gamma = 1, bandwidth 40) ===
    N    0.50    1.00    2.00    3.00    5.00   (exp(-t): 0.607 0.368 0.135 0.050 0.007)
    1   0.093   0.664   0.107   0.079   0.998
    4   0.735   0.965   0.887   0.813   0.755
   16   0.637   0.398   0.152   0.490   0.372
   64   0.624   0.381   0.140   0.051   0.007
