fano_recoverability.py — recoverability of a captured quantum in the smallest exact model
with capture, off-resonant return and an irreversible record channel. Predictions are in
PREDICTIONS.md (with its addendum) and were fixed before this was run.

Single-excitation sector: |p> (photon), |e> (absorber excitation, detuned by Delta),
|k> (N record modes over bandwidth B). H = Delta|e><e| + sum eps_k|k><k|
+ K(|p><e| + h.c.) + sum g_k(|e><k| + h.c.), g_k = g/sqrt(N), Gamma = 2 pi g^2 / B.

Two observables, both after capture under H for time t:
  R_echo : partial Loschmidt echo — system block reversed (Delta -> -Delta, K -> -K), record
           channel untouched, for time t; R = |<p|psi>|^2.  No bath => R = 1 exactly.
  R_op   : operational K-flip only (Delta and bath left running). Kept on record; conflates
           the detuning's non-reversal with the record channel's irreversibility.
Exact propagation by eigendecomposition; no integrator.

Prediction 1 (no bath, t = 3): echo  min R = 0.999999999999998  max R = 1.000000000000001
                              K-flip min R = 0.044  (fails off resonance: definition error, addendum)

Prediction 2 (N = 1, one record mode; Delta = 0, t = 3): R_echo vs record coupling g
   g:   0.00  0.10  0.20  0.30  0.40  0.50  0.60  0.70  0.80  0.90  1.00  1.10  1.20  1.30  1.40  1.50
   R:   1.00  0.85  0.50  0.16  0.00  0.06  0.21  0.29  0.23  0.09  0.00  0.05  0.24  0.50  0.73  0.89

Sweep, R_echo(Delta/K): crossover midpoint x50, relative width; R_op midpoint for comparison
    N  Gamma     t  Gamma*t   R(in)  R(out)     x50   width  x50_op  R_echo at Delta/K = 0.05 .. 20 (every 5th)
    1   0.05   1.0     0.05   0.762   0.999   1.705   0.751   4.716  0.76 0.76 0.76 0.77 0.81 0.92 0.99 1.00 1.00
    1   0.05   3.0     0.15   0.165   0.992   0.669   3.212   2.385  0.16 0.18 0.23 0.43 0.62 0.76 0.91 0.98 0.99
    1   0.05  10.0     0.50   0.785   0.998   3.823   0.467   0.588  0.79 0.75 0.57 0.56 0.48 0.63 0.93 0.99 1.00
    1   0.20   1.0     0.20   0.322   0.996   1.770   0.773   4.596  0.32 0.32 0.33 0.35 0.45 0.75 0.94 0.99 1.00
    1   0.20   3.0     0.60   0.094   0.987   1.977   1.032   0.614  0.09 0.10 0.10 0.11 0.00 0.62 0.85 0.96 0.99
    1   0.20  10.0     2.00   0.338   0.995   0.565   2.603   0.355  0.35 0.27 0.05 0.40 0.25 0.89 0.93 0.98 1.00
    1   1.00   1.0     1.00   0.021   0.987   2.850   1.127   1.193  0.02 0.02 0.03 0.04 0.12 0.36 0.70 0.96 0.99
    1   1.00   3.0     3.00   0.377   0.994   3.474   0.601   0.941  0.38 0.38 0.39 0.41 0.45 0.50 0.83 0.97 1.00
    1   1.00  10.0    10.00   0.283   0.989   1.117   2.544   0.274  0.28 0.30 0.36 0.36 0.45 0.30 0.98 0.95 0.99
    4   0.05   1.0     0.05   1.000   1.000     nan     nan     nan  1.00 1.00 1.00 1.00 1.00 1.00 0.99 1.00 1.00
    4   0.05   3.0     0.15   0.999   0.998     nan     nan     nan  1.00 1.00 1.00 1.00 1.00 1.00 1.00 1.00 0.99
    4   0.05  10.0     0.50   1.000   0.975     nan     nan     nan  1.00 1.00 1.00 1.00 1.00 0.99 1.00 0.99 0.92
    4   0.20   1.0     0.20   1.000   0.999     nan     nan     nan  1.00 1.00 1.00 1.00 1.00 0.99 0.97 1.00 1.00
    4   0.20   3.0     0.60   0.998   0.990     nan     nan     nan  1.00 1.00 1.00 1.00 1.00 0.99 0.99 0.99 0.97
    4   0.20  10.0     2.00   0.999   0.905   1.713   0.331     nan  1.00 1.00 1.00 1.00 0.99 0.89 0.95 0.97 0.72
    4   1.00   1.0     1.00   1.000   0.994     nan     nan     nan  1.00 1.00 1.00 1.00 0.99 0.97 0.88 0.99 0.99
    4   1.00   3.0     3.00   0.997   0.951     nan     nan     nan  1.00 1.00 0.99 0.99 0.98 0.86 0.88 0.97 0.86
    4   1.00  10.0    10.00   0.981   0.691   1.075   0.277     nan  0.98 0.99 1.00 0.99 0.87 0.59 0.89 0.99 0.10
   16   0.05   1.0     0.05   0.975   1.000     nan     nan     nan  0.98 0.98 0.98 0.98 0.98 0.98 0.99 1.00 1.00
   16   0.05   3.0     0.15   0.968   0.997     nan     nan     nan  0.97 0.97 0.96 0.94 0.86 0.96 0.98 0.99 1.00
   16   0.05  10.0     0.50   0.575   0.983   0.833   0.900   1.253  0.60 0.43 0.24 0.77 0.72 0.93 0.91 0.95 0.98
   16   0.20   1.0     0.20   0.906   0.998   3.691   0.780   5.020  0.91 0.91 0.91 0.91 0.91 0.92 0.96 0.99 1.00
   16   0.20   3.0     0.60   0.876   0.990   4.628   0.518   3.641  0.88 0.87 0.86 0.80 0.55 0.88 0.92 0.96 0.99
   16   0.20  10.0     2.00   0.732   0.934   1.145   1.089   0.822  0.75 0.58 0.15 0.02 0.40 0.75 0.76 0.83 0.92
   16   1.00   1.0     1.00   0.659   0.991   3.852   0.780   4.916  0.66 0.66 0.66 0.66 0.67 0.72 0.86 0.97 0.99
   16   1.00   3.0     3.00   0.557   0.951   2.629   1.063   3.524  0.56 0.56 0.57 0.57 0.20 0.65 0.69 0.84 0.96
   16   1.00  10.0    10.00   0.720   0.717     nan     nan   1.375  0.73 0.67 0.43 0.06 0.62 0.46 0.71 0.50 0.65
   64   0.05   1.0     0.05   0.974   1.000     nan     nan     nan  0.97 0.97 0.97 0.97 0.98 0.98 0.99 1.00 1.00
   64   0.05   3.0     0.15   0.857   0.999   1.674   1.510   3.331  0.86 0.86 0.86 0.87 0.90 0.94 0.98 0.99 1.00
   64   0.05  10.0     0.50   0.853   0.994   3.914   0.813   2.438  0.87 0.77 0.53 0.64 0.67 0.81 0.94 0.99 0.99
   64   0.20   1.0     0.20   0.902   0.998   3.696   0.781   5.016  0.90 0.90 0.90 0.90 0.91 0.92 0.96 0.99 1.00
   64   0.20   3.0     0.60   0.539   0.994   1.850   1.401   3.269  0.54 0.54 0.54 0.57 0.65 0.79 0.92 0.98 1.00
   64   0.20  10.0     2.00   0.613   0.979   4.056   0.769   2.445  0.63 0.49 0.11 0.20 0.23 0.50 0.84 0.97 0.98
   64   1.00   1.0     1.00   0.649   0.991   3.863   0.781   4.918  0.65 0.65 0.65 0.65 0.66 0.71 0.86 0.96 1.00
   64   1.00   3.0     3.00   0.041   0.976   2.945   1.079   3.539  0.04 0.04 0.04 0.06 0.14 0.37 0.72 0.92 0.98
   64   1.00  10.0    10.00   0.139   0.914   4.230   0.737   2.437  0.14 0.13 0.10 0.04 0.01 0.11 0.58 0.92 0.90
  256   0.05   1.0     0.05   0.973   1.000     nan     nan     nan  0.97 0.97 0.97 0.97 0.97 0.98 0.99 1.00 1.00
  256   0.05   3.0     0.15   0.855   0.999   1.675   1.510   3.329  0.86 0.86 0.86 0.87 0.89 0.94 0.98 0.99 1.00
  256   0.05  10.0     0.50   0.622   0.995   2.218   1.054   2.445  0.62 0.62 0.63 0.64 0.67 0.80 0.93 0.98 1.00
  256   0.20   1.0     0.20   0.901   0.998   3.697   0.781   5.015  0.90 0.90 0.90 0.90 0.91 0.92 0.96 0.99 1.00
  256   0.20   3.0     0.60   0.535   0.995   1.855   1.399   3.268  0.53 0.54 0.54 0.56 0.65 0.78 0.92 0.98 1.00
  256   0.20  10.0     2.00   0.149   0.983   2.649   1.070   3.306  0.15 0.15 0.15 0.17 0.23 0.46 0.78 0.94 0.99
  256   1.00   1.0     1.00   0.646   0.991   3.866   0.782   4.918  0.65 0.65 0.65 0.65 0.66 0.71 0.85 0.96 1.00
  256   1.00   3.0     3.00   0.039   0.977   2.960   1.081   3.548  0.04 0.04 0.04 0.06 0.14 0.37 0.72 0.92 0.99
  256   1.00  10.0    10.00   0.000   0.932   5.052   0.829   5.583  0.00 0.00 0.00 0.00 0.00 0.05 0.39 0.79 0.96

Prediction 3 (N = 256, Gamma = 0.2): -ln(R_echo)/(Gamma t) vs t at Delta/K = 0, 1, 2, 4;  analytic occupation 2K^2/(D^2+4K^2) in the last column
   Delta/K = 0.0:   0.521   1.045   0.953   0.461   occ = 0.500
   Delta/K = 1.0:   0.495   0.728   0.738   0.600   occ = 0.400
   Delta/K = 2.0:   0.424   0.422   0.409   0.337   occ = 0.250
   Delta/K = 4.0:   0.231   0.170   0.149   0.103   occ = 0.100

Prediction 4 (N = 256): x50 and width against Gamma t (all Gamma, t combinations, sorted)
   Gamma t =  0.05 (Gamma 0.05, t  1.0):  x50 =    nan   width =    nan
   Gamma t =  0.15 (Gamma 0.05, t  3.0):  x50 =  1.675   width =  1.510
   Gamma t =  0.20 (Gamma 0.20, t  1.0):  x50 =  3.697   width =  0.781
   Gamma t =  0.50 (Gamma 0.05, t 10.0):  x50 =  2.218   width =  1.054
   Gamma t =  0.60 (Gamma 0.20, t  3.0):  x50 =  1.855   width =  1.399
   Gamma t =  1.00 (Gamma 1.00, t  1.0):  x50 =  3.866   width =  0.782
   Gamma t =  2.00 (Gamma 0.20, t 10.0):  x50 =  2.649   width =  1.070
   Gamma t =  3.00 (Gamma 1.00, t  3.0):  x50 =  2.960   width =  1.081
   Gamma t = 10.00 (Gamma 1.00, t 10.0):  x50 =  5.052   width =  0.829

Prediction 7 (N = 256, Gamma = 0.2, t = 3): R_echo at Delta/K = 0.5, 1, 2 for B = 20, 40, 80
   B =   20:  0.5666  0.6457  0.7755
   B =   40:  0.5669  0.6459  0.7762
   B =   80:  0.5671  0.6460  0.7766

run time 5 s; wrote results.json
